0.000000000000000000e+00
5.984066951327249306e-01
1.155669100543984307e+00
1.679633583949883935e+00
2.064227621055203521e+00
2.468432049417279117e+00
2.893083850054640749e+00
3.231642461587885151e+00
3.488571440044850647e+00
3.732342691043551763e+00
3.863105661479124819e+00
3.938265000465897447e+00
3.972105411793044549e+00
3.949429142188136677e+00
4.047309260932694386e+00
4.172448261166501915e+00
4.411434241028890924e+00
4.640810369678901814e+00
4.878952671291627574e+00
5.111040810804696299e+00
5.326627059292125210e+00
5.530997637139896561e+00
5.750515173968165250e+00
5.985699575666648009e+00
6.266967653639796687e+00
6.660299593282169361e+00
7.072604701226377522e+00
7.522088265686003083e+00
8.000668744009727718e+00
8.579960667723504741e+00
9.169763772024117188e+00
9.809863505710913145e+00
1.046987455605044914e+01
1.116614237683302413e+01
1.187203110279017615e+01
1.249209133581842757e+01
1.309473664635333279e+01
1.362304761919872576e+01
1.417598551685571451e+01
1.473411113630048064e+01
1.532942697049115388e+01
1.601235216409452633e+01
1.675800869989665642e+01
1.757173615630328101e+01
1.840706027569185821e+01
1.922731715574928657e+01
1.994074533254254789e+01
2.055257456545930950e+01
2.112806061789428114e+01
2.167385286571741077e+01
2.219881017285555203e+01
2.269402232788894835e+01
2.315803527442392706e+01
2.362100248821989013e+01
2.407718735472056082e+01
2.456971172035807882e+01
2.498554802665827879e+01
2.545616351124996157e+01
2.600740244550611990e+01
2.648024956944528441e+01
2.692661935343321389e+01
2.739227004441390534e+01
2.776914085654446751e+01
2.805970249857966792e+01
2.833450222127804707e+01
2.859171861686261096e+01
2.884769775697932204e+01
2.920474231193293591e+01
2.963705308008712080e+01
3.006447503295198587e+01
3.051829781621799142e+01
3.093662202393488769e+01
3.140998320131900456e+01
3.188275793239597888e+01
3.238840406854796328e+01
3.286316894500095742e+01
3.327676188638474031e+01
3.372005932237233594e+01
3.406613651594551584e+01
3.430345476788179582e+01
3.448636288587756127e+01
3.466651500625915361e+01
3.477282007762264726e+01
3.486156415782134133e+01
3.495126831873908912e+01
3.490774525944933515e+01
3.490639191756585546e+01
3.485947776557296862e+01
3.484444908392999452e+01
3.485965847245123683e+01
3.486833151986094492e+01
3.484380795476491244e+01
3.475389526383904837e+01
3.467726003187428319e+01
3.459787221787600231e+01
3.447850303645909520e+01
3.432330989699680401e+01
3.416289808867983879e+01
3.396188690909642105e+01
3.378767751209209536e+01
3.361422939925913056e+01
3.357943639414701664e+01
3.359685393615366422e+01
3.367771792304783673e+01
3.381787277339405051e+01
3.400109380468639841e+01
3.427596378565381485e+01
3.451145432448246453e+01
3.479513951540452155e+01
3.496299174091706163e+01
3.512781374184117311e+01
3.526769848661646023e+01
3.545579510686052771e+01
3.558961083621242238e+01
3.570269195208097557e+01
3.582686207581328830e+01
3.594920375477035890e+01
3.600424272459121511e+01
3.611651933805213588e+01
3.628214588156482279e+01
3.649153275450759537e+01
3.671533753412066403e+01
3.685618900636065121e+01
3.703652609324171863e+01
3.723986856207675089e+01
3.756112445069632599e+01
3.785225528945161955e+01
3.815388189046649359e+01
3.843981958517514386e+01
3.881548155593569049e+01
3.923207470174889266e+01
3.970877030966367727e+01
4.025740897232168436e+01
4.090230884569390923e+01
4.175516000464833155e+01
4.267299323151768675e+01
4.367897637563650903e+01
4.475656070680038567e+01
4.604513583265578092e+01
4.729005198782927977e+01
4.858149003426171220e+01
4.986077885295775758e+01
5.118736273267747805e+01
5.252736934805650293e+01
5.384329553348249675e+01
5.516718204917244606e+01
5.639292146317544763e+01
5.771218227279571522e+01
5.905562056375504199e+01
6.042665361069538221e+01
6.172038206283659179e+01
6.297554858762264018e+01
6.418046114826537973e+01
6.533827761621169827e+01
6.640072506978319211e+01
6.736107203857982029e+01
6.823138327423839655e+01
6.900199624802925769e+01
6.968799698437216250e+01
7.024776875462390535e+01
7.079744234086736299e+01
7.129143692666455934e+01
7.171866886604712477e+01
7.208297925628302494e+01
7.238325972886765669e+01
7.258090386253189763e+01
7.267634419798386602e+01
7.263962732355527407e+01
7.260349082811804067e+01
7.258749164455855407e+01
7.253765810140183135e+01
7.248855444142689919e+01
7.244992876205286336e+01
7.241503944298271733e+01
7.237014164476779854e+01
7.235100462724433612e+01
7.234660213079489210e+01
7.236151684345536239e+01
7.240173680676215895e+01
7.246029013437875221e+01
7.254225703496551603e+01
7.264618924588469895e+01
7.276724896512457974e+01
7.286910237224229547e+01
7.296710267594494326e+01
7.304020179985684535e+01
7.312102827829977514e+01
7.330117095735637633e+01
7.353101380769336970e+01
7.373887823981667111e+01
7.396441134944133466e+01
7.420362289874724127e+01
7.445479938887730498e+01
7.473617831180611404e+01
7.501411866538111894e+01
7.529701263966327929e+01
7.558338757126607277e+01
7.587952459922607318e+01
7.611049724315277842e+01
7.629423063967175267e+01
7.638929421477759263e+01
7.634260684103838912e+01
7.625543710893116156e+01
7.615942403199956345e+01
7.607395500664181043e+01
7.593233511952205106e+01
7.587355486802638893e+01
7.579387125621076393e+01
7.569730606722545474e+01
7.568676852504313501e+01
7.562506049565907063e+01
7.547619045094759826e+01
7.534537185982578933e+01
7.522786092826383708e+01
7.507828960646891403e+01
7.490722477404732160e+01
7.474110739864640607e+01
7.441090577694016872e+01
7.407376653056601867e+01
7.376775987269769530e+01
7.345376796832817945e+01
7.324961142173877704e+01
7.322477989091564154e+01
7.320255041529080131e+01
7.318740994475467687e+01
7.321466230703012457e+01
7.339961052665414343e+01
7.351087962642232299e+01
7.367029018164562615e+01
7.384971776081042094e+01
7.389669587189756328e+01
7.395424797256835348e+01
7.405844071558770736e+01
7.418857524001870729e+01
7.435013320373333556e+01
7.447847261645712535e+01
7.457363264170878381e+01
7.467632883955626255e+01
7.483779387373681402e+01
7.500523815079813517e+01
7.514691882645971077e+01
7.544282460658207867e+01
7.582183790856271344e+01
7.608333832298635002e+01
7.629499426893397640e+01
7.642225706754295800e+01
7.648766201814972021e+01
7.650433874525610634e+01
7.661972768327460415e+01
7.688191973597930939e+01
7.710867005095649063e+01
7.737508382477872715e+01
7.764849745621275190e+01
7.801059341855355456e+01
7.831903826740493457e+01
7.850856732663368120e+01
7.863397553603707024e+01
7.882419838874578488e+01
7.896057192248916579e+01
7.912911390721028226e+01
7.912103629324592191e+01
7.907331666251408819e+01
7.888367820910227124e+01
7.852192505939666489e+01
7.817019444420571972e+01
7.799100979884433116e+01
7.791004328581286131e+01
7.786266206981579785e+01
7.753225673095407444e+01
7.716886631102715910e+01
7.667788448912592969e+01
7.581035796935653082e+01
7.492114669104232405e+01
7.399001698006908612e+01
7.293839014176627700e+01
7.185409378635337418e+01
7.083910367896380933e+01
7.010587016320367582e+01
6.927994252376316808e+01
6.851576341997341046e+01
6.783784085489160987e+01
6.742690518962265855e+01
6.696416184221264700e+01
6.652254518652395632e+01
6.606224737433730354e+01
6.580539506010714490e+01
6.541059202943104367e+01
6.497469650875385128e+01
6.449600144431892090e+01
6.423264752762378293e+01
6.398274956188731011e+01
6.366050391331564384e+01
6.357461094160221649e+01
6.347178468820978026e+01
6.344589471261081570e+01
6.353551157148211104e+01
6.371609112262854069e+01
6.381845642828801601e+01
6.357040050251348617e+01
6.354683114279647071e+01
6.351130627584879562e+01
6.342433732276568037e+01
6.313025511128067535e+01
6.300217939839610892e+01
6.285740741480172744e+01
6.267106554941741337e+01
6.235740140456464076e+01
6.208568540983571893e+01
6.198581729120577677e+01
6.180025201091955012e+01
6.163916156521473511e+01
6.147032817955971495e+01
6.146295969550824623e+01
6.148769889816628620e+01
6.158952665581851704e+01
6.149525295630875377e+01
6.139782797876843290e+01
6.121194997333475385e+01
6.106334079354190436e+01
6.112457523201269538e+01
6.106530351210110297e+01
6.089093196284616027e+01
6.053478762639938537e+01
6.032538356951003067e+01
6.006056054883863737e+01
5.975137754658914702e+01
5.951384034787556487e+01
5.928759679605056476e+01
5.913271788058693090e+01
5.865826989081453036e+01
5.828653033470574485e+01
5.793595295797972256e+01
5.748657559612523471e+01
5.709469906050862420e+01
5.673785543436027012e+01
5.633333309709038872e+01
5.615234385213164359e+01
5.590113517625133710e+01
5.565577769066336344e+01
5.531636673211328770e+01
5.491054198824411969e+01
5.450892748784578146e+01
5.419543180315913844e+01
5.387339369760628927e+01
5.345253646851122653e+01
5.305837268622934033e+01
5.274733146488776470e+01
5.256579404144132894e+01
5.231918548859744789e+01
5.189943369215626490e+01
5.153523663037891822e+01
5.132454323273962160e+01
5.108581321889001003e+01
5.106146527116799660e+01
5.082156928143237451e+01
5.067708002076469143e+01
5.053317595359784775e+01
5.040750491444082115e+01
5.017360595281809310e+01
4.999905712116779455e+01
4.997068679161817784e+01
4.994663634523210760e+01
4.982353531535711966e+01
4.982263483064031107e+01
5.004323200877273337e+01
5.028537621898683341e+01
5.048955250062724787e+01
5.064304623203100419e+01
5.078654179512164291e+01
5.104001092105165327e+01
5.124820275235261136e+01
5.146557464147963401e+01
5.163579875868237679e+01
5.187132522362445286e+01
5.203252210291113045e+01
5.231336798226924856e+01
5.254408382677160461e+01
5.283272886267234725e+01
5.299131083669966813e+01
5.327379261741624816e+01
5.355101362390919917e+01
5.379927553356802861e+01
5.400973614190814942e+01
5.427709315562506021e+01
5.427123105108084644e+01
5.437711977712596223e+01
5.455040929211631351e+01
5.474841069442115327e+01
5.489066177741654684e+01
5.493633269820956855e+01
5.495310451907584337e+01
5.504893201162904859e+01
5.516277417931812721e+01
5.519348043103092749e+01
5.516506398501952191e+01
5.503031047806266685e+01
5.496539643122204666e+01
5.483211816341610501e+01
5.467070727069195613e+01
5.449019687902554665e+01
5.425710818657884715e+01
5.406285755501109236e+01
5.399428877738293409e+01
5.383948030577283816e+01
5.369945986943206151e+01
5.369190440628506167e+01
5.362373118748995182e+01
5.342644089042148892e+01
5.326225801531953152e+01
5.336351448442985657e+01
5.360913404127254722e+01
5.376532829978824424e+01
5.405324830440342510e+01
5.452342737747076029e+01
5.505545016268829528e+01
5.558112092755010281e+01
5.608942374161686217e+01
5.652128738619533266e+01
5.703888317827522059e+01
5.761108390330268492e+01
5.812873411300878956e+01
5.864502383153583054e+01
5.914330517942398302e+01
5.950651513135418469e+01
5.993071306978728074e+01
6.034561865958585258e+01
6.068979767676637493e+01
6.101126581269242877e+01
6.144633071646565980e+01
6.186291023749215867e+01
6.215740766181480126e+01
6.219269855084448295e+01
6.230573778444306754e+01
6.233638112882960058e+01
6.222913322630365229e+01
6.223632978718837450e+01
6.219999210006123747e+01
6.212132131412960234e+01
6.188834400957905046e+01
6.166324585250725931e+01
6.142104089459345317e+01
6.139657203241111461e+01
6.120342293743508577e+01
6.097128866535781100e+01
6.082926620220872849e+01
6.080850909092079348e+01
6.073099142581129684e+01
6.065012933075500712e+01
6.060333000687446514e+01
6.048146243290193524e+01
6.031039257972177836e+01
6.002618625328502588e+01
5.994256913092110040e+01
5.977868704926327581e+01
5.963538362035887275e+01
5.958960551708979381e+01
5.947113277737760484e+01
5.931441259259368337e+01
5.915035164370164011e+01
5.921203563068247888e+01
5.908999220094675309e+01
5.892651727588684452e+01
5.870651725591967818e+01
5.881263642140702785e+01
5.884372625680936153e+01
5.878466263792540047e+01
5.844276016461205359e+01
5.832321811919443633e+01
5.827919366170059590e+01
5.813751115969079564e+01
5.801694975005381139e+01
5.792991606941946969e+01
5.790184579242097840e+01
5.765236188518009186e+01
5.750850443984235483e+01
5.731602316103430184e+01
5.715985434234665519e+01
5.684233248673647410e+01
5.663900269974255508e+01
5.646852170733215814e+01
5.601917947533952713e+01
5.575181980256681413e+01
5.546111785994339982e+01
5.527261596044548497e+01
5.486267699605592441e+01
5.448951007992643980e+01
5.414724226199304979e+01
5.403217621864533982e+01
5.375487518098503159e+01
5.349998267647436023e+01
5.327237050834628462e+01
5.306545722724179370e+01
5.287324133479032895e+01
5.263132480903380639e+01
5.252837619588571982e+01
5.235958082929854385e+01
5.240514784936950576e+01
5.231521231811865391e+01
5.232414164157058423e+01
5.255282422673615628e+01
5.279571012713742562e+01
5.320111025815766226e+01
5.360102629410182828e+01
5.404632486200580388e+01
5.436063715244574013e+01
5.473013099804573756e+01
5.515738196436512908e+01
5.557414241832749724e+01
5.600396828085941081e+01
5.643632109270443209e+01
5.687058593127032680e+01
5.730241873872630265e+01
5.773577136042362667e+01
5.816596777507134419e+01
5.863224030523742414e+01
5.913615428397105234e+01
5.964308974849407718e+01
5.998018431213929347e+01
6.034794698425986326e+01
6.072751812255199866e+01
6.086621747735353694e+01
6.106599307171660485e+01
6.128410535881764076e+01
6.150109398346051393e+01
6.171692112746433878e+01
6.192754119994427242e+01
6.218242819858033243e+01
6.241604061587658947e+01
6.252670417852377938e+01
6.275523043795597289e+01
6.295275860932986234e+01
6.315126697959800595e+01
6.358799174744699911e+01
6.397253733368690121e+01
6.441903059577131785e+01
6.503324586794722961e+01
6.558688889510695219e+01
6.611888623713453228e+01
6.660683331242077543e+01
6.710892712267430227e+01
6.759322684517155722e+01
6.824455307275303539e+01
6.883295945218206668e+01
6.953142145028108700e+01
7.039884345909771923e+01
7.117729492090516885e+01
7.202131604236878104e+01
7.298188838405704360e+01
7.397768043726208020e+01
7.506506982302907716e+01
7.592591741682271334e+01
7.696862652666935389e+01
7.797395771050747726e+01
7.875267419888717768e+01
7.956488315190046023e+01
8.021894532498249930e+01
8.075473128977033355e+01
8.129620783436944009e+01
8.160042424377783732e+01
8.190470725209955560e+01
8.217199652492536188e+01
8.257267312364962208e+01
8.283159973127341402e+01
8.311902192180264137e+01
8.329114430531363666e+01
8.347029048999290524e+01
8.369566834695866930e+01
8.382395998728097197e+01
8.377109035914625679e+01
8.379280905000594259e+01
8.385236829423823224e+01
8.382141903472862055e+01
8.366650506902220741e+01
8.354496974229262207e+01
8.366702406327620167e+01
8.366301596171068411e+01
8.376238730986058556e+01
8.382500648779804919e+01
8.370043260760000692e+01
8.383671961712772713e+01
8.400301207081254518e+01
8.396919529228796364e+01
8.371242759978690628e+01
8.352353210696470853e+01
8.319073148561641062e+01
8.285704579508279721e+01
8.241682547317691387e+01
8.221403115017837138e+01
8.208741905535492833e+01
8.192580985419485273e+01
8.168355737144030115e+01
8.160832459764668556e+01
8.167488650491779367e+01
8.161169765590329916e+01
8.161324579740541196e+01
8.140000762827658320e+01
8.122171669182199594e+01
8.092224129890678341e+01
8.066556339431102174e+01
8.057814015717188738e+01
8.040204576277663762e+01
8.023679992890249935e+01
8.026833172956352769e+01
8.048905184763701470e+01
8.051526137061371458e+01
8.074104959548402860e+01
8.087451500868772314e+01
8.080395148966461250e+01
8.051264370302867235e+01
8.013243239135840668e+01
7.968963252710722145e+01
7.916940463303231468e+01
7.854337354580628983e+01
7.796488803419441638e+01
7.745344080184031554e+01
7.694093235363222050e+01
7.651286999247234633e+01
7.617929737105804122e+01
7.596410948074179714e+01
7.593275245554789876e+01
7.601678345401502668e+01
7.620532185949068094e+01
7.646486200311473169e+01
7.690028552889079094e+01
7.719357556956155975e+01
7.751048956156564884e+01
7.766040948928294085e+01
7.794339955074471504e+01
7.832663712709899073e+01
7.880285775294525763e+01
7.933186314763509017e+01
7.991610354477434441e+01
8.054540590664386457e+01
8.106994983214835315e+01
8.152924234375795720e+01
8.201715012968858787e+01
8.237705239870334140e+01
8.249323603859869536e+01
8.258095315516398216e+01
8.264421688594285342e+01
8.258837306353797203e+01
8.251238080629931915e+01
8.238149797130049024e+01
8.219627629366225108e+01
8.187007304658779105e+01
8.153510272511651635e+01
8.129053053892971548e+01
8.119666828278080573e+01
8.104658471886162374e+01
8.087170336544889437e+01
8.064568397932755772e+01
8.037113089976318747e+01
8.030183941676705217e+01
8.024253632252195700e+01
8.026134506629330190e+01
8.038610243099498121e+01
8.054055471291495394e+01
8.085067509296048627e+01
8.124019714110877999e+01
8.166906047282486725e+01
8.216736463123802992e+01
8.253036913407137831e+01
8.284052221099879887e+01
8.332084554923815745e+01
8.377120834323876863e+01
8.420951336343877358e+01
8.468438107073004062e+01
8.512409812087069838e+01
8.552240104693134981e+01
8.591532464139778824e+01
8.634681102511294171e+01
8.672355948963043204e+01
8.710360806525486055e+01
8.730421391217193161e+01
8.754603302983963431e+01
8.771867040064384469e+01
8.794477337908432446e+01
8.822437976946287108e+01
8.832795273146128068e+01
8.851606177097178829e+01
8.845141693814382222e+01
8.838581185638170723e+01
8.834511011439514050e+01
8.848835749087196234e+01
8.845348792657793524e+01
8.843166190607348653e+01
8.835848501610738026e+01
8.836209300757872143e+01
8.840438178536987834e+01
8.847772142050439470e+01
8.855797677288431657e+01
8.865225400734534844e+01
8.878891642874798151e+01
8.899756141205941162e+01
8.932297539106315298e+01
8.958648375764212801e+01
8.981485635683668534e+01
9.002694691266813720e+01
9.010099693751196526e+01
9.027596331421736409e+01
9.032582245538152677e+01
9.057090388635710099e+01
9.070727516890363518e+01
9.075468427569421692e+01
9.065353634280694450e+01
9.054426223253582862e+01
9.027561135844767648e+01
9.006503178986795888e+01
8.965497504650902272e+01
8.907071434713567726e+01
8.848293895693277022e+01
8.782332553036705747e+01
8.709406798077321810e+01
8.635878919590545877e+01
8.559701859949777258e+01
8.476428829272897758e+01
8.392416147301884166e+01
8.318019713026097861e+01
8.234223247075466645e+01
8.158480858221126653e+01
8.080557949802557971e+01
8.012383168421163759e+01
7.948646018252240708e+01
7.892330499396307175e+01
7.850604872078592678e+01
7.789147421716651820e+01
7.733956940257145618e+01
7.690381648471968390e+01
7.639371870288675836e+01
7.598831236966840663e+01
7.578063610661587290e+01
7.553319419936478596e+01
7.536893573298929994e+01
7.532500464574920329e+01
7.536902362945119194e+01
7.538761173155559447e+01
7.542272361452913287e+01
7.541475256292925167e+01
7.539347860208842178e+01
7.539530845652680568e+01
7.539425089155125193e+01
7.537089536801919110e+01
7.530055901794121098e+01
7.518921290372912836e+01
7.511335745207570369e+01
7.509026837994531434e+01
7.525484268099029350e+01
7.542711244377201751e+01
7.560954872764139623e+01
7.583029993541248359e+01
7.598109281249624303e+01
7.607089854669168005e+01
7.613827886982114990e+01
7.611432883577968767e+01
7.599757637895766038e+01
7.582095378592613599e+01
7.567506846313592916e+01
7.543446519204701417e+01
7.516152322443666378e+01
7.486426881009474243e+01
7.455719259021000767e+01
7.419997982556515126e+01
7.387541212787192535e+01
7.362338664249791975e+01
7.351096828582220155e+01
7.340273267473379804e+01
7.320857904443390396e+01
7.296576158296787185e+01
7.269977728519906179e+01
7.246948390013740493e+01
7.221893819621288912e+01
7.213055288233498175e+01
7.194519144469377636e+01
7.187197821592408786e+01
7.188088319232255685e+01
7.195686384602414876e+01
7.198368147377300375e+01
7.192548323337938143e+01
7.189392285475121014e+01
7.193610745075508817e+01
7.197084474307713720e+01
7.196925181373514135e+01
7.205488245782325407e+01
7.216019445862309567e+01
7.225198313635819147e+01
7.230152234373159104e+01
7.222165592284203228e+01
7.211635423555505042e+01
7.206631078030470405e+01
7.199294162155234744e+01
7.196224949718761366e+01
7.196524813077155613e+01
7.197811043534682085e+01
7.213098031157066714e+01
7.217037135931853697e+01
7.219226590908024832e+01
7.218619477162769726e+01
7.217181507796652795e+01
7.219108753624885821e+01
7.226561240323923130e+01
7.244622949551039426e+01
7.252745522732615768e+01
7.266356886061687703e+01
7.271620697964178248e+01
7.269461186236793537e+01
7.273987882152115958e+01
7.270989031233783351e+01
7.279126926927179397e+01
7.283213034503671679e+01
7.271614408835166898e+01
7.264929895548705474e+01
7.253391930807754306e+01
7.248566745789736387e+01
7.241465822816707032e+01
7.231568108029459552e+01
7.230804986482795016e+01
7.230407514334144992e+01
7.230458222757995657e+01
7.225673152623345175e+01
7.214102589029121759e+01
7.204895094518427356e+01
7.184896442353436896e+01
7.178449185897665075e+01
7.171881005463902170e+01
7.174710826856777146e+01
7.185413026880574705e+01
7.189167187412471094e+01
7.194612239297853762e+01
7.190558935077559966e+01
7.178272648977522863e+01
7.188906725364387285e+01
7.194287411264410537e+01
7.207534977268943521e+01
7.217121824343976755e+01
7.216714706052252382e+01
7.216688678618530162e+01
7.200270844484722943e+01
7.189158359162557588e+01
7.178956826541184455e+01
7.179452967690291132e+01
7.184812404258234153e+01
7.195065128101700225e+01
7.201529615050786504e+01
7.201467016303895718e+01
7.199627708309402863e+01
7.189357267512745864e+01
7.172353238831503575e+01
7.151224759262713349e+01
7.130583565824819914e+01
7.115059504091212261e+01
7.105254004972330506e+01
7.086835017142770710e+01
7.068898849749717783e+01
7.039292469537721786e+01
7.004340201761569062e+01
6.980447432261607332e+01
6.952219606227558302e+01
6.940144708073647450e+01
6.933895478149615599e+01
6.936993449149549917e+01
6.942442875469222940e+01
6.946242012568707480e+01
6.950874419606907395e+01
6.950453168210891874e+01
6.951943867234659535e+01
6.947957618578335826e+01
6.950591461345557320e+01
6.956945698237061038e+01
6.963351287086358354e+01
6.973538604303671207e+01
6.980517647230874445e+01
6.995454545676707880e+01
7.016107671824681802e+01
7.039282477862690257e+01
7.072505230933489884e+01
7.101601451565923639e+01
7.128786499371895502e+01
7.159019213647650304e+01
7.187880076374267446e+01
7.206185345022291244e+01
7.218601172726712889e+01
7.220430479350423525e+01
7.230417292301846999e+01
7.231092609307813746e+01
7.246396432030942947e+01
7.259369983123019665e+01
7.275949338013437284e+01
7.293259871946865758e+01
7.307353293163122032e+01
7.313754341621357469e+01
7.314996456629982902e+01
7.315145194206917267e+01
7.317006473129592337e+01
7.312919209668295650e+01
7.311137906711385881e+01
7.299711420113307270e+01
7.297386555740119718e+01
7.297021646995696642e+01
7.299654715617693057e+01
7.311554378922754438e+01
7.328093552800204691e+01
7.345194631116729056e+01
7.359776522785720942e+01
7.373643180426319077e+01
7.380402825581006709e+01
7.379810563420595315e+01
7.387017725540916047e+01
7.393324879602380406e+01
7.399711118581636526e+01
7.405629860667410469e+01
7.424442985490884439e+01
7.441440529722591180e+01
7.461886603383082672e+01
7.480285038637678952e+01
7.495444653384177514e+01
7.512578288831701911e+01
7.531033811729474792e+01
7.546755033579307792e+01
7.559213128366414480e+01
7.568534215779574481e+01
7.565918586742964180e+01
7.563030160056686668e+01
7.557993698434566454e+01
7.563299716225627378e+01
7.568184076204747157e+01
7.586754108190832824e+01
7.612482492753275665e+01
7.641382441122665625e+01
7.676427465579492093e+01
7.708686287122418435e+01
7.741394053644327755e+01
7.774431585093665831e+01
7.803015034062495658e+01
7.820404713662708218e+01
7.836803858787661170e+01
7.854589836681134329e+01
7.866227565887992057e+01
7.881318228887570854e+01
7.901869321103914956e+01
7.919830765600934797e+01
7.939189968057044666e+01
7.966559340241317955e+01
7.991315984514376680e+01
8.015265414095557617e+01
8.029731380461691970e+01
8.039226389571287257e+01
8.040126765482412452e+01
8.036773153442027251e+01
8.023751836597519116e+01
8.010853520637817837e+01
7.998412976925526152e+01
7.984467877676117098e+01
7.964564638157153809e+01
7.949511469018490573e+01
7.939716678720738230e+01
7.930321295136735671e+01
7.925021567976409642e+01
7.921727924886813810e+01
7.921459283880858493e+01
7.919511230638579491e+01
7.910995244268352167e+01
7.900285340462446015e+01
7.886067746351200469e+01
7.866449745749753220e+01
7.842845922001858128e+01
7.827612759673340292e+01
7.811632763075992614e+01
7.797486835759212909e+01
7.783419022717133373e+01
7.766540397845173516e+01
7.758803782349139055e+01
7.746788734701102896e+01
7.742844916704419234e+01
7.732614359731975640e+01
7.729905777811708845e+01
7.734382205923370179e+01
7.742631605291914809e+01
7.756802368191884511e+01
7.774555150454079921e+01
7.789189336751259418e+01
7.798118385946142439e+01
7.806763139496536041e+01
7.815756703318892562e+01
7.816200914526125132e+01
7.821806928151967497e+01
7.836867973765508566e+01
7.844263367012368349e+01
7.867573166643990135e+01
7.887694152818028215e+01
7.908638130657129750e+01
7.943879698117665100e+01
7.960617861430974074e+01
7.980317538304902314e+01
7.988431035158221505e+01
8.004980866546898710e+01
8.013631874868792693e+01
8.027807946554101193e+01
8.029252747537474022e+01
8.027372977766012241e+01
8.013640668385109223e+01
8.003168266439183753e+01
7.982532347116817562e+01
7.972466408906630875e+01
7.959086166608216217e+01
7.948046208989211436e+01
7.931138844590331871e+01
7.911265441869090864e+01
7.900932444812744393e+01
7.889104880172180856e+01
7.873100014909736899e+01
7.863214598239399322e+01
7.845201870777034969e+01
7.824496101105582113e+01
7.816920384702233093e+01
7.821298979006795093e+01
7.820008287080541720e+01
7.812833136679918766e+01
7.794230009242295409e+01
7.787878753415628807e+01
7.772431867012387841e+01
7.765998805648349901e+01
7.744353810132973592e+01
7.728490866502234269e+01
7.710180973946233962e+01
7.685993705818476940e+01
7.672271281956604128e+01
7.656460856206891208e+01
7.631706021385014083e+01
7.599138834651462560e+01
7.553332293444225343e+01
7.510754554244873304e+01
7.462267363870115844e+01
7.410024682192975831e+01
7.361052240367421007e+01
7.296795910558225273e+01
7.221676719320002746e+01
7.151609210623111323e+01
7.081550760650200971e+01
7.021706036541029050e+01
6.951521436255920605e+01
6.892225723573525897e+01
6.848853713477028293e+01
6.805639850904663035e+01
6.770675025302382721e+01
6.737299884513285519e+01
6.718096670534727366e+01
6.699437003914906086e+01
6.693282420224316809e+01
6.706413252545314663e+01
6.723800914835666731e+01
6.747774844632004942e+01
6.776042383840312766e+01
6.826421447226529438e+01
6.865787705683318620e+01
6.913115694081565721e+01
6.957610376773294547e+01
7.016600031341974386e+01
7.081334633508858190e+01
7.142404438219102758e+01
7.203332167287786092e+01
7.268649137115144754e+01
7.337267422195770905e+01
7.403796018011328783e+01
7.475091246333241202e+01
7.541234547509034769e+01
7.603835496308413155e+01
7.663095026623514627e+01
7.712804027677273666e+01
7.757505251075997421e+01
7.787803183941574048e+01
7.815326225952760808e+01
7.838785254562257876e+01
7.861568393272796129e+01
7.863721326170255566e+01
7.879423954027406296e+01
7.892447428769457929e+01
7.907804347875800488e+01
7.915547445779463942e+01
7.921650365514238956e+01
7.934092026620804461e+01
7.943439295600248329e+01
7.952765370568518222e+01
7.951383827480104571e+01
7.934044883150168914e+01
7.921431190075490747e+01
7.911675604746477575e+01
7.903197799771430709e+01
7.894152587805133692e+01
7.885085543278988496e+01
7.876169796198622919e+01
7.867199441174611252e+01
7.858092469958441484e+01
7.849084130577843155e+01
7.840489222067806452e+01
7.833351943828974129e+01
7.826156246988611542e+01
7.819259283990287202e+01
7.812722669694089461e+01
7.806763088626338742e+01
7.801902723658781724e+01
7.798814183986097248e+01
7.797771748490855259e+01
7.798312515557383051e+01
7.800091906944138032e+01
7.805867855980480385e+01
7.814659807538389202e+01
7.825457544557468736e+01
7.839043115224768599e+01
7.855651061297803039e+01
7.874198383610998064e+01
7.900518746909526158e+01
7.943428253094332092e+01
7.983350207469882776e+01
8.032234596980390506e+01
8.107272399222077297e+01
8.184776150846640519e+01
8.273831094225877791e+01
8.386800472516797811e+01
8.504528740025193656e+01
8.632090027622582795e+01
8.771919372557155725e+01
8.906305801571049585e+01
9.041523960320165543e+01
9.194081663997287990e+01
9.340982241670936048e+01
9.486276565162147278e+01
9.639159965358784632e+01
9.790746996195518648e+01
9.949830029133494236e+01
1.011799033502607870e+02
1.028068828524460940e+02
1.043861873569407948e+02
1.057367988205381693e+02
1.070968970598682262e+02
1.083153068625596660e+02
1.090820658397507117e+02
1.098684359934782577e+02
1.105391579199681757e+02
1.109028744583812482e+02
1.111936370017374571e+02
1.113130219190691577e+02
1.113405261626404439e+02
1.113131371552904767e+02
1.112483606153183331e+02
1.109943801761036468e+02
1.107892544964268069e+02
1.105719153796311360e+02
1.102438018020063168e+02
1.098947800027373347e+02
1.094587619965766265e+02
1.089085264193075631e+02
1.083465174179538906e+02
1.077333624997069563e+02
1.072665103112439624e+02
1.068786969911132445e+02
1.065355351670183666e+02
1.063403856281848334e+02
1.060665376236237307e+02
1.057684017955199494e+02
1.055291839890830659e+02
1.053101738448352762e+02
1.051523324315092367e+02
1.049670660990297506e+02
1.048549835186930324e+02
1.047462627690992321e+02
1.046370052399487633e+02
1.045242667061084063e+02
1.044020610222637515e+02
1.042906229660209334e+02
1.041934127330635533e+02
1.040781990031124167e+02
1.039630151625223959e+02
1.038876072850118817e+02
1.038242523929553158e+02
1.036739104096485136e+02
1.034595807365377169e+02
1.032599548420851789e+02
1.030866629652685305e+02
1.029306867058813140e+02
1.027915222416160219e+02
1.026537861747464717e+02
1.025099472022417189e+02
1.023624562885419067e+02
1.022091813616464435e+02
1.020434105614633324e+02
1.018623025179855830e+02
1.016703263375300992e+02
1.014717035820034567e+02
1.012578426571219694e+02
1.010187658895482485e+02
1.007661367755978574e+02
1.004979023190720255e+02
1.002174298808765940e+02
9.991717997310416877e+01
9.960420322887257782e+01
9.927355167762796384e+01
9.893161574522892465e+01
9.857975892093959658e+01
9.821351769504626361e+01
9.782855614918693732e+01
9.743159997973840802e+01
9.702234068993999472e+01
9.660098446575466369e+01
9.617142688933616057e+01
9.573083609149601614e+01
9.528961157086823164e+01
9.484727459599292843e+01
9.440668573550021847e+01
9.396040714173625474e+01
9.350784508612319712e+01
9.306717116094530695e+01
9.262579393207678891e+01
9.218339668346447979e+01
9.180905251318488070e+01
9.136008317681090318e+01
9.093990044082933366e+01
9.059867541031700000e+01
9.021455921920249921e+01
8.986228406225349374e+01
8.950464138683678073e+01
8.915564510450249713e+01
8.880409630317403469e+01
8.844647462859428799e+01
8.807226984598700881e+01
8.768582455356157368e+01
8.728660209246494617e+01
8.687123497484867585e+01
8.643284827985831953e+01
8.598492000994880868e+01
8.551714874035212688e+01
8.502795752741499768e+01
8.452627473201980024e+01
8.401013189349370691e+01
8.347105082727674130e+01
8.287489935497563920e+01
8.225316371782847114e+01
8.168336553088415997e+01
8.105560655821031446e+01
8.052279956260844074e+01
8.001763056206573310e+01
7.946323005058690114e+01
7.898107406431473976e+01
7.839403368959516172e+01
7.780017716402377914e+01
7.730261144130992079e+01
7.696023695617670057e+01
7.662190782539040868e+01
7.626186079049874422e+01
7.595120460991344657e+01
7.569351709318601706e+01
7.540950270091410346e+01
7.511838417723878081e+01
7.480836139158446940e+01
7.454794479284903730e+01
7.435805566229582553e+01
7.411284587435615379e+01
7.384764922293996392e+01
7.345318973356360459e+01
7.301052873068871918e+01
7.250424722849994907e+01
7.194941963473107194e+01
7.150520117737239900e+01
7.099914345914822889e+01
7.083391185272677149e+01
7.066335193423701355e+01
7.045282925705602395e+01
7.013656335084984050e+01
6.993901459379965502e+01
6.976588603221810558e+01
6.962106455150872364e+01
6.953787819323480335e+01
6.947233216696874081e+01
6.941276621326747431e+01
6.935218619781001337e+01
6.933639714065483872e+01
6.926829261077790534e+01
6.916612771576258467e+01
6.928411939335856573e+01
6.937045763560053047e+01
6.945581513773227300e+01
6.962365909915739337e+01
6.977145383260322831e+01
6.993752192003087487e+01
7.009171059405133519e+01
7.000032827619293130e+01
6.977071304940848506e+01
6.973966850879700985e+01
6.971359448646879287e+01
6.948122295383382152e+01
6.915791234980687818e+01
6.886720166985611513e+01
6.850390630391650859e+01
6.812492911595511202e+01
6.765195299672804197e+01
6.727728967052580344e+01
6.671780958968925290e+01
6.607574682660191456e+01
6.559291945300142856e+01
6.513130653275739235e+01
6.466753956167181627e+01
6.427527014015640816e+01
6.376530472584352793e+01
6.314960929791232047e+01
6.247073131087701370e+01
6.187898660016517738e+01
6.139865632420031005e+01
6.115631171923406839e+01
6.069159812424959455e+01
6.017799579612439231e+01
5.980236521104541225e+01
5.958173919035777999e+01
5.926524659774563730e+01
5.887874988460859527e+01
5.851604644971858704e+01
5.829375076929336785e+01
5.791757497244310571e+01
5.754252829874170061e+01
5.729256075033219275e+01
5.686975466652842925e+01
5.622457090863092333e+01
5.570478218007862381e+01
5.510995843043406950e+01
5.448136028068890369e+01
5.397247948098186043e+01
5.344722801531700895e+01
5.286127439694034535e+01
5.222067538003740594e+01
5.155900001381517939e+01
5.082569665645284829e+01
5.008095292779831453e+01
4.935664047524856102e+01
4.849385727528390788e+01
4.762880299295594000e+01
4.687139345088572639e+01
4.603209147641197063e+01
4.513027882255960321e+01
4.434139158104944300e+01
4.368859513648440895e+01
4.300218320961199225e+01
4.239118688792550671e+01
4.189961807108840475e+01
4.138402995056821965e+01
4.090729548311618657e+01
4.042968463569163617e+01
3.998222918903592671e+01
3.956112793367375247e+01
3.920355009533167134e+01
3.887514292619020750e+01
3.849342992404056929e+01
3.809409042010992152e+01
3.774444964802943048e+01
3.737364405295403458e+01
3.712152882219709227e+01
3.690839004387139966e+01
3.665903552947677468e+01
3.652620441557127151e+01
3.648823335558648040e+01
3.643788538976170344e+01
3.637081756490569262e+01
3.626367644348312069e+01
3.621836117237583608e+01
3.622741119575777446e+01
3.618888521680847958e+01
3.616071423507258942e+01
3.627088041070690139e+01
3.625044056637435830e+01
3.632072909311785480e+01
3.634537476304248571e+01
3.627086186474438989e+01
3.628925581218975793e+01
3.638928202494604136e+01
3.654664488640951703e+01
3.666436776943503872e+01
3.676600626994657262e+01
3.680785537235304616e+01
3.690512464273638216e+01
3.695289952183097171e+01
3.706975787181833226e+01
3.717402730335505368e+01
3.724545617038739920e+01
3.738074546896292816e+01
3.748601245153933803e+01
3.750237507755567634e+01
3.763530029927692055e+01
3.766427669199661210e+01
3.771134688201929208e+01
3.787945283493979076e+01
3.795152389421838990e+01
3.801826719131469190e+01
3.802025807040624272e+01
3.798108259029073253e+01
3.792779885172129184e+01
3.790718484276982991e+01
3.785117620532974314e+01
3.785561836380074396e+01
3.787081680424550711e+01
3.786980340928499800e+01
3.796271365991759694e+01
3.801427638455844260e+01
3.810626574106817088e+01
3.821036515625289809e+01
3.830848120896992270e+01
3.840363086553129790e+01
3.848857393602346377e+01
3.860130438258205743e+01
3.881848086684571797e+01
3.906903258809879276e+01
3.933003663851387444e+01
3.961266538453018882e+01
3.988629487620848124e+01
4.016335491604405661e+01
4.039776469016049987e+01
4.065594329884913094e+01
4.087453218219255291e+01
4.113577821035226378e+01
4.138998113019125924e+01
4.165360147379544031e+01
4.193936168315187984e+01
4.219252434375288630e+01
4.237415039449371790e+01
4.254028583916898754e+01
4.272752157049070121e+01
4.290424814405680110e+01
4.308452048473930063e+01
4.331168317704602799e+01
4.344231694718246928e+01
4.352826806573779095e+01
4.353094982992432449e+01
4.349778097716963288e+01
4.340335820657845289e+01
4.339915778551923609e+01
4.343576345663397120e+01
4.349928634976717490e+01
4.372427615508913590e+01
4.404142575485929001e+01
4.440998927690402809e+01
4.466288154014112166e+01
4.481845399839895094e+01
4.493031823376227862e+01
4.498524899483239636e+01
4.510068745105802890e+01
4.526102353288747082e+01
4.558568537173351842e+01
4.590544863986642099e+01
4.615105678777767650e+01
4.640560651537583681e+01
4.652336569049654713e+01
4.669712285049340750e+01
4.680219073624356696e+01
4.693916022619807649e+01
4.706659910263243063e+01
4.710421487822046771e+01
4.711776837835780185e+01
4.721654589781105926e+01
4.715681142005994531e+01
4.691037649271577692e+01
4.670176307311552222e+01
4.659198724444865292e+01
4.650140035618274226e+01
4.638995093037198103e+01
4.616853112958577299e+01
4.586027626563704018e+01
4.544765756411493385e+01
4.473460475343939891e+01
4.403756887889130667e+01
4.333085198453240849e+01
4.259971484821171828e+01
4.202823739604738762e+01
4.145383030798046065e+01
4.107914286339747889e+01
4.060610346802207005e+01
4.021988745701975176e+01
3.966923059839947285e+01
3.914209815062710618e+01
3.856647598077181982e+01
3.794415396347790193e+01
3.743185917617446989e+01
3.685309617242258895e+01
3.628190692642159831e+01
3.581217849546000309e+01
3.533558623685568989e+01
3.509054647367862856e+01
3.496547819363265575e+01
3.487834255109743253e+01
3.496935241918608028e+01
3.505132325237168800e+01
3.526346048851768700e+01
3.551752831127204502e+01
3.582414426948673025e+01
3.622939106873974424e+01
3.643564456575695232e+01
3.672943603306049454e+01
3.692876387890951406e+01
3.723353508393475408e+01
3.754943427687687318e+01
3.776187570522971271e+01
3.801134681409776306e+01
3.808645784398397183e+01
3.808602093098661356e+01
3.807698299424775712e+01
3.795212626554628343e+01
3.783908831044927012e+01
3.761298546581735280e+01
3.731224876425914516e+01
3.703611042907501627e+01
3.666420179167144511e+01
3.638824427221524616e+01
3.602866144393922809e+01
3.567219399964990600e+01
3.513857778836887746e+01
3.455504603982620893e+01
3.395599690475913235e+01
3.344607645186778200e+01
3.291930993875205047e+01
3.243730056160067932e+01
3.202312290476526613e+01
3.171161220354085941e+01
3.151377956497095667e+01
3.139399300363662704e+01
3.127758473057704336e+01
3.104072241558990086e+01
3.091155871667256605e+01
3.071714008510805627e+01
3.059660911518199455e+01
3.044090659673487664e+01
3.028602412443792957e+01
3.018910276238258206e+01
2.994668462859335989e+01
2.973047270720333657e+01
2.962167089636680117e+01
2.956066714013158503e+01
2.951741596484789909e+01
2.944164636016701309e+01
2.930496818020603200e+01
2.924876020141250521e+01
2.923383162679120062e+01
2.919653112144262153e+01
2.921408929944605148e+01
2.912133968752189972e+01
2.909376096882065355e+01
2.926765665726041021e+01
2.953413831960024893e+01
2.984792984321576625e+01
3.034134419511021719e+01
3.077049674398777057e+01
3.125021282094023078e+01
3.168078173097986294e+01
3.210861505212648837e+01
3.245462995610146351e+01
3.278367700275506991e+01
3.303649449234920610e+01
3.319250428072268733e+01
3.328936897055528732e+01
3.348469222852592964e+01
3.366406963935526875e+01
3.372220543527208747e+01
3.359264049091363091e+01
3.345701841221222850e+01
3.321372560227998605e+01
3.285958126483863850e+01
3.246629452418849127e+01
3.188685833239383172e+01
3.118900990770830006e+01
3.050512536684916753e+01
2.973440920289784373e+01
2.889246820406086158e+01
2.802093918466458788e+01
2.720601459840403535e+01
2.630796331399776378e+01
2.559171001266409817e+01
2.483832897794086847e+01
2.391575719080621099e+01
2.312776300771329829e+01
2.222429683622971197e+01
2.119738110322117208e+01
2.013437270399442980e+01
1.909271709698654362e+01
1.808680099124289242e+01
1.709875866496300034e+01
1.603356044132300440e+01
1.490472081163773943e+01
1.376854716810297319e+01
1.261174797687923110e+01
1.144383382482617151e+01
1.019078595212199190e+01
8.925740446391298377e+00
7.739742282836080456e+00
6.504437811184459406e+00
5.251507941929785872e+00
3.959281984149781941e+00
2.605241783034871972e+00
1.343705507330675397e+00
9.056121795147076270e-02
-1.127068156865368653e+00
-2.297535642647732246e+00
-3.419577994760030215e+00
-4.525524970081524323e+00
-5.386464216706692731e+00
-6.253748016660249931e+00
-7.111397578967769917e+00
-7.984207935541826728e+00
-8.814453842501576375e+00
-9.623935038521070240e+00
-1.029367054003176030e+01
-1.101941133137629691e+01
-1.158496562245515094e+01
-1.222284919921125024e+01
-1.291661457786543998e+01
-1.344974267398484713e+01
-1.397684316396550130e+01
-1.434681999074401126e+01
-1.455810929585719649e+01
-1.483108986651092565e+01
-1.500649571377166147e+01
-1.503717137357956091e+01
-1.502820457675309207e+01
-1.486444310077153119e+01
-1.469124952975881904e+01
-1.459688178191938057e+01
-1.448391707152823749e+01
-1.441351250655649352e+01
-1.419067214865851057e+01
-1.386825562506973597e+01
-1.367488832894128592e+01
-1.359222694474457427e+01
-1.331809785274221447e+01
-1.319112748862500517e+01
-1.299150855342675825e+01
-1.274635222771104637e+01
-1.264382833099283765e+01
-1.266643026801180483e+01
-1.272624149777057490e+01
-1.294006006322119973e+01
-1.309898233368259213e+01
-1.309185885558382090e+01
-1.328264870395921271e+01
-1.343310959953686812e+01
-1.355046843062917894e+01
-1.368571869442496336e+01
-1.393112361524177167e+01
-1.408959284842820736e+01
-1.418865636242862038e+01
-1.446552775837930049e+01
-1.479494417376940163e+01
-1.494638134309877131e+01
-1.514245738928898710e+01
-1.547185936798760864e+01
-1.574933802637797875e+01
-1.605983775037889316e+01
-1.653866043631403215e+01
-1.708848495566686054e+01
-1.749700130178490198e+01
-1.795091138111992635e+01
-1.816179234967600564e+01
-1.829400933512124539e+01
-1.862182305500496327e+01
-1.882384363526428572e+01
-1.891013818597300755e+01
-1.910125842936588825e+01
-1.926306667315892085e+01
-1.917539087440279388e+01
-1.904907461118116885e+01
-1.908140380435181527e+01
-1.917762520052895070e+01
-1.911133955601580325e+01
-1.918065791890001748e+01
-1.935631490907273289e+01
-1.934677182492205461e+01
-1.942352618602523862e+01
-1.958656665184627244e+01
-1.948575854128955953e+01
-1.931280961141367669e+01
-1.917674283459657048e+01
-1.884229789520757592e+01
-1.875862904096061001e+01
-1.875733353487037292e+01
-1.873109381538877116e+01
-1.884544642081397114e+01
-1.911465738407243720e+01
-1.940153300961328497e+01
-1.974785496042991895e+01
-2.029919256844957687e+01
-2.087759803377433343e+01
-2.135578752858121376e+01
-2.162201783995455528e+01
-2.187454154545897111e+01
-2.186526705790799241e+01
-2.171177110618070927e+01
-2.155735170971663450e+01
-2.112987044891690758e+01
-2.066357176021879027e+01
-2.022700906094636153e+01
-1.967605061368465158e+01
-1.914280756417459983e+01
-1.871269080016023878e+01
-1.818287401054239893e+01
-1.770098865914863495e+01
-1.713536643195176623e+01
-1.624571459338190138e+01
-1.539223195369112140e+01
-1.452232198735928215e+01
-1.354803078494032142e+01
-1.260108465484200657e+01
-1.166142236055110182e+01
-1.050144737751025659e+01
-9.409000893971693813e+00
-8.390327454093510440e+00
-7.422301077010653003e+00
-6.449917080660370061e+00
-5.486988056327970043e+00
-4.610487580390085327e+00
-3.723046271766240700e+00
-2.776697588373091108e+00
-2.201388995078775057e+00
-1.590311707625999382e+00
-9.217534817712522699e-01
-5.198294798201770206e-01
3.882563015351270241e-02
3.655245261325405504e-01
3.559783851511661434e-01
3.660928674797461202e-01
2.951001819586830388e-01
7.560243178865999614e-02
-8.740957671838772702e-03
-9.644150677843194019e-02
-5.200877677059236870e-01
-8.106732303723267474e-01
-1.192153521013703088e+00
-1.684698262006989022e+00
-2.086991604874535167e+00
-2.535100523946459905e+00
-3.152009207527589840e+00
-3.905173236514091428e+00
-4.725482800078146361e+00
-5.280446602445482362e+00
-5.850372387807412977e+00
-6.513731887844268265e+00
-7.040002105448738057e+00
-7.638115255911757551e+00
-8.099147931278306345e+00
-8.529377938774004519e+00
-8.800722165697255406e+00
-9.091512308954516897e+00
-9.404766589410096245e+00
-9.750868820158943961e+00
-1.022335358049640064e+01
-1.038571720876054094e+01
-1.063722499987765779e+01
-1.075668084881960063e+01
-1.072573004004035546e+01
-1.072997554352945215e+01
-1.076691160963008720e+01
-1.063918973523310996e+01
-1.026982099361595679e+01
-9.986298281693027690e+00
-9.797474185653353373e+00
-9.522277656259344525e+00
-9.419830427736570755e+00
-9.275316241865757760e+00
-9.132464235802910224e+00
-9.009888751893894820e+00
-9.046371622612468855e+00
-9.105899187761295366e+00
-9.122570540636187886e+00
-9.183384208922632297e+00
-9.248926922688417207e+00
-9.159265316968836501e+00
-9.209055960425075682e+00
-9.327796147133691207e+00
-9.486546615640174096e+00
-9.674105163553571529e+00
-9.979134873264152716e+00
-1.025751117688885472e+01
-1.070720290750164416e+01
-1.132201831959935845e+01
-1.184426146970066718e+01
-1.213992406500402765e+01
-1.256464893890151124e+01
-1.278619839165129157e+01
-1.291302821329421668e+01
-1.312980409206728005e+01
-1.330351191214708706e+01
-1.314669106594966053e+01
-1.302023515855653990e+01
-1.290851296404690274e+01
-1.262062592429400176e+01
-1.241955192947512998e+01
-1.224701292121327256e+01
-1.205136427578171521e+01
-1.198281724553185690e+01
-1.189281368481259094e+01
-1.190913108572197743e+01
-1.194626135424394242e+01
-1.185119114261029161e+01
-1.165927570727469131e+01
-1.139617087029195908e+01
-1.124099694188296716e+01
-1.113842401919347225e+01
-1.097298066417873486e+01
-1.097892713049854763e+01
-1.100814638337351425e+01
-1.105199704084550660e+01
-1.114902846361643718e+01
-1.147668613410237803e+01
-1.186573512351076687e+01
-1.223061346571914143e+01
-1.261824610049799134e+01
-1.297786278162891271e+01
-1.328468597203398893e+01
-1.366031173927618525e+01
-1.385891328191552674e+01
-1.409453772338192756e+01
-1.439495857574797277e+01
-1.458715905617112085e+01
-1.488790802586864359e+01
-1.522061641238075680e+01
-1.559120175723754542e+01
-1.591820048068526816e+01
-1.635213253530221778e+01
-1.677837278775604091e+01
-1.708279627206409046e+01
-1.751510098500274992e+01
-1.789920430515868333e+01
-1.823254616172424392e+01
-1.846429352246762434e+01
-1.868914970162943945e+01
-1.878014104767651560e+01
-1.890506290661422639e+01
-1.912623486465703593e+01
-1.949964807429415359e+01
-1.980558079092609347e+01
-2.011585867075982748e+01
-2.038201479745419675e+01
-2.074481097431436893e+01
-2.105686099516022836e+01
-2.140410748485449943e+01
-2.170508452569827185e+01
-2.198624384261133713e+01
-2.221605043332348828e+01
-2.250334173178530150e+01
-2.278310889042756315e+01
-2.313123833547909314e+01
-2.355599628115679067e+01
-2.410476179572492228e+01
-2.455567707402827438e+01
-2.489961946605573218e+01
-2.531864885599987502e+01
-2.577341942967098731e+01
-2.617406570099470287e+01
-2.636848639400322014e+01
-2.649093334228496488e+01
-2.665287564981733937e+01
-2.665036342106806089e+01
-2.674068801678792795e+01
-2.674903073226699846e+01
-2.688458944817704221e+01
-2.698927324016161577e+01
-2.712374471062116399e+01
-2.710449147433789818e+01
-2.698593639000197086e+01
-2.670528449954543859e+01
-2.644725582714720602e+01
-2.606413047900224811e+01
-2.546135567235702979e+01
-2.475858361730294277e+01
-2.412049114114849502e+01
-2.371606919857061513e+01
-2.323107181960176959e+01
-2.287321019349726470e+01
-2.256029548161452780e+01
-2.246621390987753131e+01
-2.236596949315382332e+01
-2.229605651222447094e+01
-2.239317670288821205e+01
-2.245335126733682429e+01
-2.247958229541412223e+01
-2.237581842565208134e+01
-2.234023904181556119e+01
-2.232063829246572340e+01
-2.240101349184499924e+01
-2.258839659914413289e+01
-2.283457554745316287e+01
-2.305968774438770552e+01
-2.333076681827650134e+01
-2.369279285083480602e+01
-2.402537263642110332e+01
-2.438993620077405566e+01
-2.461983980547799788e+01
-2.482212333807427740e+01
-2.491891439841785072e+01
-2.507769665957124161e+01
-2.515212582179899670e+01
-2.540262387534806621e+01
-2.563555813945507467e+01
-2.588178069456548158e+01
-2.609698517973085785e+01
-2.634365977766293199e+01
-2.655864409085867450e+01
-2.671914089892760913e+01
-2.699586422805555230e+01
-2.724765681150227792e+01
-2.729820830886497518e+01
-2.748111542983986766e+01
-2.764756153450055720e+01
-2.785954403085667153e+01
-2.783952928925264203e+01
-2.784692266912133007e+01
-2.784885051454041260e+01
-2.792268981528389205e+01
-2.813702734099314640e+01
-2.835679242228097152e+01
-2.857884159968581983e+01
-2.874568898206149825e+01
-2.868121199371946517e+01
-2.863429037062033800e+01
-2.853887361259406674e+01
-2.856471925164233738e+01
-2.847491622881915418e+01
-2.853451573928312257e+01
-2.852633666559916392e+01
-2.841460927865325559e+01
-2.827401692067117267e+01
-2.829702040781193162e+01
-2.810053794058886467e+01
-2.795674921921705547e+01
-2.787987047054008727e+01
-2.810493603222833414e+01
-2.834200602622878051e+01
-2.861240389671065643e+01
-2.892859094891477767e+01
-2.919540120279077655e+01
-2.953322657291840514e+01
-2.989458224040041756e+01
-3.024776806829105880e+01
-3.065395648830543607e+01
-3.100613775292166707e+01
-3.137242355037166419e+01
-3.166608422327316674e+01
-3.199081118129056378e+01
-3.232807029517255160e+01
-3.272118612309031249e+01
-3.328361326177927992e+01
-3.402397367081108115e+01
-3.483424191773386269e+01
-3.565875259038921996e+01
-3.635309182759642255e+01
-3.685654891598972682e+01
-3.729361425496576032e+01
-3.765449601207843955e+01
-3.789322977145629068e+01
-3.806906618201710302e+01
-3.825696986119393728e+01
-3.849801774644527796e+01
-3.855980075222073111e+01
-3.869227885608215445e+01
-3.858512701510765197e+01
-3.864063996061954498e+01
-3.865910904317767915e+01
-3.867423071318344086e+01
-3.860243122082707856e+01
-3.836472505511640207e+01
-3.822232341038079539e+01
-3.789847596042903177e+01
-3.753100136259823216e+01
-3.708802768579101183e+01
-3.674946922515088943e+01
-3.655894534458726497e+01
-3.653126359561669290e+01
-3.645690057197268885e+01
-3.648132322518104331e+01
-3.668403030117690378e+01
-3.684787972627842834e+01
-3.690117037980925119e+01
-3.675172799084134567e+01
-3.665065560684620039e+01
-3.656223520421858808e+01
-3.668560552468538560e+01
-3.675926777407953239e+01
-3.684025402172100883e+01
-3.697912342376072559e+01
-3.726208773385990725e+01
-3.763972051428124388e+01
-3.792418777861582413e+01
-3.835669557965568544e+01
-3.853286322675653253e+01
-3.874070460185055964e+01
-3.894471042983922615e+01
-3.910993543739341760e+01
-3.909912273772830815e+01
-3.922430699441708413e+01
-3.925010661695731073e+01
-3.912653527782184426e+01
-3.898911145320110450e+01
-3.876774388671404381e+01
-3.871729589368560909e+01
-3.871109132147873311e+01
-3.863427788472059632e+01
-3.859574194001142899e+01
-3.857544318993959109e+01
-3.840198148622538099e+01
-3.815996862631454434e+01
-3.782192491895581554e+01
-3.744792084890765693e+01
-3.691590852806296397e+01
-3.632409632797605070e+01
-3.594409768103689373e+01
-3.560104059795322229e+01
-3.527040731924159189e+01
-3.495146153477573847e+01
-3.474455127737583382e+01
-3.428960464767290972e+01
-3.382466695779849886e+01
-3.346196926869887989e+01
-3.314680674763099688e+01
-3.299811601532333327e+01
-3.283083059336806286e+01
-3.269253934248763471e+01
-3.261167127163029278e+01
-3.251944230963840710e+01
-3.241118850493477765e+01
-3.253464624695883600e+01
-3.270884844896981036e+01
-3.301963742177279926e+01
-3.338192863471429206e+01
-3.398899516769436957e+01
-3.459372216573153480e+01
-3.522822331602427681e+01
-3.590529312162053088e+01
-3.662383235868636433e+01
-3.737523148674600293e+01
-3.817088849580543553e+01
-3.914021550488392620e+01
-4.022157456482342042e+01
-4.134568669772475147e+01
-4.249014809065654674e+01
-4.368369982672438567e+01
-4.486681714413814603e+01
-4.601064783422380344e+01
-4.714378550719418115e+01
-4.815610938950985798e+01
-4.911253856450809252e+01
-5.000671465611747379e+01
-5.087893340649278429e+01
-5.167686523687891054e+01
-5.244827021575569148e+01
-5.317169021265232232e+01
-5.382170809942805079e+01
-5.441020343895791456e+01
-5.497114300547287513e+01
-5.549739787473051678e+01
-5.599714791849614670e+01
-5.647574690253665608e+01
-5.696494343465355570e+01
-5.743022727461744381e+01
-5.785445595431444588e+01
-5.826500253051461442e+01
-5.863803957467352745e+01
-5.901480141377775368e+01
-5.943062753015868793e+01
-5.984586092508415334e+01
-6.037020517251178120e+01
-6.094004527393675374e+01
-6.153972760410115939e+01
-6.212791403601087836e+01
-6.277168362130133517e+01
-6.341727266287771414e+01
-6.407492735592161637e+01
-6.478671072826718103e+01
-6.551978452483047022e+01
-6.624757957780019524e+01
-6.697626155812164939e+01
-6.770062282800519426e+01
-6.841056121549294744e+01
-6.911807928894226905e+01
-6.981596582350339020e+01
-7.050039530815553235e+01
-7.120353262865357635e+01
-7.187647912367192760e+01
-7.254323696642379105e+01
-7.319799439855900403e+01
-7.385323590757424483e+01
-7.450823282912959655e+01
-7.516161129217795178e+01
-7.581702344563517215e+01
-7.647088938392641921e+01
-7.714052720866527579e+01
-7.778772682601781696e+01
-7.845488842152727216e+01
-7.911715969807920601e+01
-7.978776380876875862e+01
-8.045896446403234847e+01
-8.112287552042319305e+01
-8.176433158039012028e+01
-8.240788657597357769e+01
-8.305923043484617097e+01
-8.371475963243800322e+01
-8.438688820592807360e+01
-8.506447169255825713e+01
-8.575511248957970167e+01
-8.645526762714239055e+01
-8.716626568325627034e+01
-8.789017121457180792e+01
-8.864679909902849886e+01
-8.940083421057704527e+01
-9.017295164073362912e+01
-9.097061070430346774e+01
-9.175736175227092417e+01
-9.254545037085796366e+01
-9.331533027356590537e+01
-9.410330687372162117e+01
-9.488520562860151131e+01
-9.567760839432290254e+01
-9.647054601438249222e+01
-9.729811279369468480e+01
-9.813370517120351622e+01
-9.896536438191883178e+01
-9.980444796556889742e+01
-1.006301591041306267e+02
-1.014366559416294535e+02
-1.022315960579791891e+02
-1.030323537092683353e+02
-1.038197136241305145e+02
-1.046015854739085711e+02
-1.053606152260081075e+02
-1.061189484765014868e+02
-1.068822138997210516e+02
-1.076138173391355224e+02
-1.083512989045638051e+02
-1.091143718706327661e+02
-1.098882916515618007e+02
-1.106469805652102423e+02
-1.114131847547536864e+02
-1.121771763926387280e+02
-1.129425638534554821e+02
-1.137035272083677881e+02
-1.144649997615384933e+02
-1.152200336071820459e+02
-1.159681366736512871e+02
-1.167101507629819110e+02
-1.174652958754004430e+02
-1.182277769952026176e+02
-1.189875441609682554e+02
-1.197465332477221835e+02
-1.205028974962331461e+02
-1.212575619780504468e+02
-1.220114368601319654e+02
-1.227606774549470714e+02
-1.235098264622849911e+02
-1.242991161924338428e+02
-1.250589847962438341e+02
-1.258240171994186340e+02
-1.265974827643939449e+02
-1.273724601879794278e+02
-1.281477731971697267e+02
-1.289268169822198615e+02
-1.297113738698640191e+02
-1.304936262563934690e+02
-1.312760020839991739e+02
-1.320632261637648526e+02
-1.328598616740379725e+02
-1.336543607048398883e+02
-1.344586369835323296e+02
-1.352579193054416464e+02
-1.360558479878622791e+02
-1.368570132323787618e+02
-1.376553070437106783e+02
-1.384601736988470009e+02
-1.392660075495866749e+02
-1.400663418205645314e+02
-1.408638128756789740e+02
-1.416632183037881418e+02
-1.424479922651847232e+02
-1.432271528145103900e+02
-1.440002172523213346e+02
-1.447693731351318434e+02
-1.455236181379381719e+02
-1.462651756485518604e+02
-1.470104169370540035e+02
-1.477529940251311871e+02
-1.484961554690176797e+02
-1.492253918793711307e+02
-1.499507827778907654e+02
-1.506730134316066199e+02
-1.513986044237047963e+02
-1.521195952147766661e+02
-1.528317761334704699e+02
-1.535326190480745367e+02
-1.542265991815302186e+02
-1.549132403401607121e+02
-1.555833756273822530e+02
-1.562397228389762063e+02
-1.568811110523713523e+02
-1.574991189684380970e+02
-1.580952674035355585e+02
-1.586810576557218440e+02
-1.592639898987979166e+02
-1.598425825516700343e+02
-1.604315805937371806e+02
-1.610002588451306735e+02
-1.615624969429534303e+02
-1.621175757616944111e+02
-1.626639135613628468e+02
-1.632068388809297801e+02
-1.637346175487748212e+02
-1.642490606860549178e+02
-1.647581502000484193e+02
-1.652638768622074394e+02
-1.657668328304366412e+02
-1.662673895832175788e+02
-1.667859840562387888e+02
-1.673185563456131888e+02
-1.678482246093540766e+02
-1.683817821607966891e+02
-1.689309624110044581e+02
-1.694961633342704772e+02
-1.700641860780225443e+02
-1.706345696113075974e+02
-1.712105898551688199e+02
-1.717773805015422965e+02
-1.723286372824772457e+02
-1.728662605182024379e+02
-1.733794724415878079e+02
-1.738905772785479371e+02
-1.743905784103565395e+02
-1.748976993923312762e+02
-1.754037089564760379e+02
-1.759081395294426500e+02
-1.764154624480789835e+02
-1.769316726653439957e+02
-1.774487906091369496e+02
-1.779492444986160820e+02
-1.784320923625218427e+02
-1.789164341013810429e+02
-1.794035479493695391e+02
-1.798728230167336051e+02
-1.803138275196924667e+02
-1.807434911528864632e+02
-1.811627108602197325e+02
-1.815687025092292117e+02
-1.819721544853646549e+02
-1.823793082239164107e+02
-1.827918759990609772e+02
-1.832279748585517609e+02
-1.836620601693727508e+02
-1.840977902565471993e+02
-1.845233604261972005e+02
-1.849360182121365597e+02
-1.853399121687485831e+02
-1.857393708309330407e+02
-1.861193541172970924e+02
-1.864954260606053822e+02
-1.868669268652343760e+02
-1.872341024799258946e+02
-1.875935925614871564e+02
-1.879285592784126777e+02
-1.882663933584546498e+02
-1.886127326952641567e+02
-1.889492942765681107e+02
-1.893146045993001394e+02
-1.896874466080315926e+02
-1.900471137276947786e+02
-1.903962201174458926e+02
-1.907389168131240069e+02
-1.910847151323575872e+02
-1.914256464233467057e+02
-1.917564047897930095e+02
-1.920866096109922694e+02
-1.924190474089937197e+02
-1.927420610880105016e+02
-1.930774082550415471e+02
-1.933906334448249993e+02
-1.936760734676438176e+02
-1.939415687257117895e+02
-1.941893330011075989e+02
-1.944225734247208095e+02
-1.946509685657259183e+02
-1.948644517824220657e+02
-1.950634693896395504e+02
-1.952594139159913880e+02
-1.954078427101356397e+02
-1.955326619438516786e+02
-1.956491092179072666e+02
-1.957516713270529749e+02
-1.958462699833145280e+02
-1.959345896589621532e+02
-1.960237950722147389e+02
-1.960961018631520005e+02
-1.961507981261680982e+02
-1.961909185392500206e+02
-1.962197236793316506e+02
-1.962095813791038097e+02
-1.962075001408298647e+02
-1.962207533210618351e+02
-1.962289191342761683e+02
-1.962384425226884730e+02
-1.962823809937154635e+02
-1.963302180845157068e+02
-1.963569689509779721e+02
-1.963775985769078432e+02
-1.963941829385592541e+02
-1.963999471816831033e+02
-1.963994188034996284e+02
-1.964014983946486268e+02
-1.964075873076372432e+02
-1.964055449533289845e+02
-1.963831284982146315e+02
-1.963420399443259328e+02
-1.963049349440985623e+02
-1.962713559728848338e+02
-1.962310521674929475e+02
-1.961925957583621596e+02
-1.961675223771591448e+02
-1.961022206894533895e+02
-1.960197746568440493e+02
-1.959292353370915123e+02
-1.958158608646661492e+02
-1.956489287126249508e+02
-1.954553150228929894e+02
-1.952640003182890496e+02
-1.950515649312376070e+02
-1.948203593893978507e+02
-1.945767500278574289e+02
-1.943170181889931598e+02
-1.940335588138113678e+02
-1.937319420254242459e+02
-1.934077485697598604e+02
-1.930652723629098091e+02
-1.927045642435294610e+02
-1.923198102055814900e+02
-1.919108338155867841e+02
-1.914840085817442912e+02
-1.910343012717463580e+02
-1.905609761394772761e+02
-1.901015760830517820e+02
-1.896292260459001398e+02
-1.891491754637285965e+02
-1.886681143797467257e+02
-1.881821381388098189e+02
-1.876973334439612699e+02
-1.872086832358013453e+02
-1.867199058924605310e+02
-1.862246942774664262e+02
-1.857168468056152619e+02
-1.852000063219297488e+02
-1.846758902538750533e+02
-1.841456616012855818e+02
-1.836144975812506175e+02
-1.830795931851837679e+02
-1.825355176248379792e+02
-1.819798957302183453e+02
-1.814163021855144393e+02
-1.808527982230842781e+02
-1.802850590983926224e+02
-1.797120628661774333e+02
-1.791377021332810955e+02
-1.785596866935562730e+02
-1.779758924727698854e+02
-1.774029518875133817e+02
-1.768245102897063816e+02
-1.762385983633687658e+02
-1.756553057544894614e+02
-1.751120463423305580e+02
-1.746054773569593692e+02
-1.741313898129706672e+02
-1.736978531973772419e+02
-1.733183464008574219e+02
-1.729815665061126708e+02
-1.726823688464642430e+02
-1.724215232195747944e+02
-1.721991480430800152e+02
-1.720161357293272602e+02
-1.718551229178821984e+02
-1.717295308563660683e+02
-1.716386531562874325e+02
-1.715816549065868344e+02
-1.715525541488291594e+02
-1.715477140576773536e+02
-1.715738859788102957e+02
-1.716150449722637461e+02
-1.716852424701859263e+02
-1.717841801108171751e+02
-1.719032010271658635e+02
-1.720145283496374873e+02
-1.721129805588290651e+02
-1.722185644856415649e+02
-1.723139590949409410e+02
-1.723843249219983420e+02
-1.724442028624949899e+02
-1.724902364194521169e+02
-1.725227034036735461e+02
-1.725501325778153330e+02
-1.725728042651236933e+02
-1.726002555236498495e+02
-1.726205001992472603e+02
-1.726347101899237657e+02
-1.726432398969091366e+02
-1.726473663203661033e+02
-1.726519779505801182e+02
-1.726561826752647164e+02
-1.726652360229755914e+02
-1.726792645699267723e+02
-1.727011906104595482e+02
-1.727145712331336824e+02
-1.727243270758410745e+02
-1.727317918773233316e+02
-1.727490835727870433e+02
-1.727612627862438615e+02
-1.727688335021086914e+02
-1.727703951804051883e+02
-1.727713956136548461e+02
-1.727695513922471946e+02
-1.727651845243035780e+02
-1.727588598676057074e+02
-1.727458122526577142e+02
-1.727265838155265953e+02
-1.727049308284189806e+02
-1.726824040880198936e+02
-1.726539705032252527e+02
-1.726250332622585120e+02
-1.725950042040816754e+02
-1.725551671674822956e+02
-1.725074421815503172e+02
-1.724467084172142108e+02
-1.723903536792209366e+02
-1.723350037375660690e+02
-1.722779462910583561e+02
-1.722092661189122396e+02
-1.721406231278374150e+02
-1.720723869612480996e+02
-1.720047195161519085e+02
-1.719338937091109472e+02
-1.718644640378547592e+02
-1.717986833664281505e+02
-1.717283516347089005e+02
-1.716647622725861879e+02
-1.716053426595976816e+02
-1.715449274294582835e+02
-1.714834321458018849e+02
-1.714261072760908746e+02
-1.713684932469128910e+02
-1.713080252100841108e+02
-1.712466726531269217e+02
-1.711842824062749173e+02
-1.711207402262093353e+02
-1.710554593502027672e+02
-1.709881052000318675e+02
-1.709172550359728007e+02
-1.708427393172268296e+02
-1.707692619671485375e+02
-1.706983515692190281e+02
-1.706287508879746611e+02
-1.705620941900862988e+02
-1.704911916781282173e+02
-1.704124912898123227e+02
-1.703334711445215532e+02
-1.702428187293130577e+02
-1.701525140319092486e+02
-1.700588705715389892e+02
-1.699655408845788145e+02
-1.698682906576705989e+02
-1.697673577350812479e+02
-1.696663779300225769e+02
-1.695634848690747845e+02
-1.694576252997110259e+02
-1.693542281961553897e+02
-1.692484619847311933e+02
-1.691374292264731594e+02
-1.690250927968425856e+02
-1.689112419938382175e+02
-1.687926189642161603e+02
-1.686711675570360285e+02
-1.685524340337126432e+02
-1.684316546786528761e+02
-1.683074695613756546e+02
-1.682090278980787446e+02
-1.680982836049495290e+02
-1.679899140494558765e+02
-1.678733166271814241e+02
-1.677521895343968765e+02
-1.676226815922616424e+02
-1.674774331852804607e+02
-1.673198305341013281e+02
-1.671555588679937330e+02
-1.669799669775437394e+02
-1.667891980346611831e+02
-1.665850236646536473e+02
-1.663778802390153260e+02
-1.661704653613351184e+02
-1.659533257975986089e+02
-1.657306108222964838e+02
-1.655045298494383132e+02
-1.652707483088359481e+02
-1.650251082941473726e+02
-1.647662196529033736e+02
-1.645052878326870314e+02
-1.642133902737867004e+02
-1.639264651412904641e+02
-1.636369700133323875e+02
-1.633401237931893775e+02
-1.630409689083618048e+02
-1.627410069196757547e+02
-1.624523843811633128e+02
-1.621670710754243032e+02
-1.618774913070384969e+02
-1.615847142260506075e+02
-1.612859487350105496e+02
-1.609860400882153897e+02
-1.606728153704812598e+02
-1.603470350259064503e+02
-1.600132062985831283e+02
-1.596684920464272750e+02
-1.593066132121905980e+02
-1.589375621299185752e+02
-1.585575060093738671e+02
-1.581729324224208710e+02
-1.577873449581519196e+02
-1.573934709299206247e+02
-1.569920121703852942e+02
-1.565900516252773969e+02
-1.561762155696437446e+02
-1.557585883765129324e+02
-1.553311511693759996e+02
-1.548932612261885140e+02
-1.544491040826605683e+02
-1.540006965089411324e+02
-1.535512320072997738e+02
-1.531086704070025917e+02
-1.526687460414952966e+02
-1.522328472450013237e+02
-1.518025652676007553e+02
-1.513779621744627946e+02
-1.509517789006726787e+02
-1.505266833721294404e+02
-1.500971558753955151e+02
-1.496719726393139354e+02
-1.492413375641213804e+02
-1.488041459571283838e+02
-1.483694595330346147e+02
-1.479733912598247514e+02
-1.476089554052196888e+02
-1.473055031651670106e+02
-1.470561985980198472e+02
-1.468562364967332599e+02
-1.467014643612403972e+02
-1.466440968080922858e+02
-1.466366154637540546e+02
-1.466732966393904860e+02
-1.467548556539149729e+02
-1.468861170422128168e+02
-1.470534326387088981e+02
-1.472642447709636713e+02
-1.475276217686749476e+02
-1.478494139666503031e+02
-1.482332700208030758e+02
-1.486808068927331021e+02
-1.491913603862202820e+02
-1.497592681354178126e+02
-1.503908603703433471e+02
-1.510743743333000566e+02
-1.517855685360664779e+02
-1.525119902154430349e+02
-1.532284190607928451e+02
-1.539447894969230788e+02
-1.546614055622488024e+02
-1.554089550905434862e+02
-1.560747460512976090e+02
-1.567646016645558689e+02
-1.574422259977521605e+02
-1.581524648458771765e+02
-1.588812667749218406e+02
-1.595870748158480126e+02
-1.602605979160285585e+02
-1.609263986735399499e+02
-1.615213869237486222e+02
-1.620701421781005251e+02
-1.625523184265493342e+02
-1.629747244053628208e+02
-1.633263054496088387e+02
-1.636389765149652362e+02
-1.639126468800556609e+02
-1.641360461005390050e+02
-1.643419558710741626e+02
-1.645343008270134533e+02
-1.647177252798173299e+02
-1.648723053397286264e+02
-1.650339080704726484e+02
-1.651921313320037541e+02
-1.653401609195680066e+02
-1.654834674829618280e+02
-1.655971135665490976e+02
-1.656908064453271265e+02
-1.658251663311673667e+02
-1.659936618828740507e+02
-1.661514373071410660e+02
-1.663555306644616962e+02
-1.665841494607514335e+02
-1.668554204146802249e+02
-1.671673792392802511e+02
-1.675126367103196401e+02
-1.678668632885978695e+02
-1.682365067457367900e+02
-1.686441501934566531e+02
-1.690497700436859532e+02
-1.694468233791812963e+02
-1.698409194435979828e+02
-1.702556507014469673e+02
-1.706596707185640014e+02
-1.710580845355111421e+02
-1.714624715584328953e+02
-1.718938643567549320e+02
-1.723430536318161614e+02
-1.727310091190763899e+02
-1.730856417267725647e+02
-1.734239552224521219e+02
-1.738240226716448547e+02
-1.741971315000480161e+02
-1.746387763642196660e+02
-1.750105173936995868e+02
-1.753611194792635786e+02
-1.757653060303758537e+02
-1.760970568989400249e+02
-1.764607206187769748e+02
-1.768552279837263086e+02
-1.772513017117483969e+02
-1.776968297503817382e+02
-1.781295931618645056e+02
-1.785296158882741793e+02
-1.789933358843268536e+02
-1.794311371591647628e+02
-1.798137806260029663e+02
-1.802199464885906934e+02
-1.805834155855878578e+02
-1.808564120598474005e+02
-1.813117364510632967e+02
-1.817743719787573013e+02
-1.820674421633730162e+02
-1.824560858237089178e+02
-1.827359580985209959e+02
-1.831422099667540806e+02
-1.835170283594140130e+02
-1.838053353377303267e+02
-1.841886138048548673e+02
-1.844415931499721921e+02
-1.846769671723937449e+02
-1.849361085534123958e+02
-1.851273945393990061e+02
-1.853055295234301809e+02
-1.854812292088551828e+02
-1.855134900185403239e+02
-1.855219542060447111e+02
-1.855727059098682901e+02
-1.855393926817204431e+02
-1.854851057516565618e+02
-1.855491145588242148e+02
-1.854277588249050552e+02
-1.852959238770953618e+02
-1.852075459383188445e+02
-1.850792270594016315e+02
-1.849943683655236839e+02
-1.847684418753797786e+02
-1.845586664617963493e+02
-1.842538541306215620e+02
-1.839545957474418856e+02
-1.838380717619892835e+02
-1.836141717391295458e+02
-1.834717848522139718e+02
-1.833564652945370312e+02
-1.832814879088272164e+02
-1.832379816885184027e+02
-1.832645092750350386e+02
-1.832859573123934354e+02
-1.832401037495987453e+02
-1.831697850921796942e+02
-1.832402323116968148e+02
-1.832848305159015752e+02
-1.834361013580576412e+02
-1.835249501323474703e+02
-1.836447781542905489e+02
-1.837241145610647379e+02
-1.837721801024509034e+02
-1.838820129980371689e+02
-1.840221964468702538e+02
-1.842990069160431403e+02
-1.844976386951711618e+02
-1.847452389291753718e+02
-1.850736693792694609e+02
-1.852837615529731181e+02
-1.855248815762350887e+02
-1.857837350628217052e+02
-1.859331828398491382e+02
-1.859663633334500332e+02
-1.860231809683063773e+02
-1.860056585799405013e+02
-1.859584238650182328e+02
-1.858604727102487857e+02
-1.857025470786637129e+02
-1.852502867274684490e+02
-1.848995379131740719e+02
-1.844597412100884242e+02
-1.840433833525627563e+02
-1.836929014916497636e+02
-1.832915966563866448e+02
-1.827986655645783856e+02
-1.823095951891928337e+02
-1.818592014440873470e+02
-1.813487592282329501e+02
-1.807455170598210259e+02
-1.801778697744691158e+02
-1.795593086772311437e+02
-1.789263549416984063e+02
-1.785126309506047733e+02
-1.782693079610820917e+02
-1.779418840422921448e+02
-1.775606687014890781e+02
-1.772912668686655309e+02
-1.769088325122005187e+02
-1.765120690506029462e+02
-1.763304877984521681e+02
-1.759936598208844600e+02
-1.757186181493117658e+02
-1.754755890071559463e+02
-1.751611376495277170e+02
-1.751355595514891377e+02
-1.752245005790483958e+02
-1.753219256054515540e+02
-1.755338479388404949e+02
-1.756527218436466171e+02
-1.758872626402053072e+02
-1.762207914384874243e+02
-1.766159790981105857e+02
-1.770661682422399110e+02
-1.776189509628136420e+02
-1.780819413228774124e+02
-1.788569049116201199e+02
-1.799239240151185300e+02
-1.809280715849367027e+02
-1.820662129215009202e+02
-1.834560079619295436e+02
-1.847435172836490267e+02
-1.861603950733644979e+02
-1.876596684721588133e+02
-1.889906168902823254e+02
-1.904063809400290950e+02
-1.916673516426141362e+02
-1.927099187013180597e+02
-1.937429770419073805e+02
-1.945619129677795058e+02
-1.952270824709640067e+02
-1.959033444255959466e+02
-1.963714898617752738e+02
-1.966068335916833973e+02
-1.967326550971590677e+02
-1.967055756324944014e+02
-1.964834601926044115e+02
-1.961361112977618859e+02
-1.957612380528552194e+02
-1.954141192732856780e+02
-1.949769534991872604e+02
-1.944126324113732380e+02
-1.939467778353755421e+02
-1.934516199214081098e+02
-1.929461288697513908e+02
-1.925778198626855726e+02
-1.921702006368834930e+02
-1.917020821148290395e+02
-1.914114399266396163e+02
-1.911158593500401253e+02
-1.909211740047330750e+02
-1.905661338874180899e+02
-1.902260369609829525e+02
-1.899008847282023567e+02
-1.897032628571363944e+02
-1.896290582960541258e+02
-1.894659222822923823e+02
-1.896361924425671930e+02
-1.897919908859994393e+02
-1.899116843788528115e+02
-1.900404478573824463e+02
-1.902757476034143735e+02
-1.905040789666330170e+02
-1.907815105462904910e+02
-1.910061590184888871e+02
-1.912570076574264988e+02
-1.914896752088760934e+02
-1.917581253804412427e+02
-1.920514605404632391e+02
-1.923378125259631588e+02
-1.925916245729486320e+02
-1.928882541593408746e+02
-1.934618276237262080e+02
-1.939150045262254025e+02
-1.943092343144962513e+02
-1.948191236677656661e+02
-1.952026108448231412e+02
-1.954896124113927556e+02
-1.956764375495840227e+02
-1.957553072179473759e+02
-1.956620617215212690e+02
-1.955923462015633447e+02
-1.953641093329943033e+02
-1.950038769220159622e+02
-1.946169860646022016e+02
-1.942206209330905438e+02
-1.936133492766558106e+02
-1.930593515268407998e+02
-1.924289423528589396e+02
-1.916152057641250224e+02
-1.908474885152238869e+02
-1.901776413589394963e+02
-1.896630631877820861e+02
-1.891356703950416147e+02
-1.887607515207978395e+02
-1.885804101965066764e+02
-1.882627445504186312e+02
-1.879385246556751952e+02
-1.876120211206669808e+02
-1.873812276586658641e+02
-1.871188271407165189e+02
-1.870320718777515197e+02
-1.868910424425889687e+02
-1.868711484365819615e+02
-1.869268534586734631e+02
-1.869006515786363707e+02
-1.868798714156411904e+02
-1.870457943106567882e+02
-1.870956430698342388e+02
-1.870930749922785594e+02
-1.872912590613611599e+02
-1.874796246390109786e+02
-1.874715710043305705e+02
-1.873200129922201711e+02
-1.872492996751437033e+02
-1.870219752574955407e+02
-1.867645281343509964e+02
-1.866911028205090304e+02
-1.865123437511824136e+02
-1.865054542469685543e+02
-1.863654206982602659e+02
-1.861693471598533733e+02
-1.859773483127516442e+02
-1.857407886482775723e+02
-1.853667470549658560e+02
-1.850339970035371664e+02
-1.847716773085430759e+02
-1.845089827204940605e+02
-1.842119962594584877e+02
-1.840397180090104712e+02
-1.838694667848224640e+02
-1.836436208205638820e+02
-1.833645536236781481e+02
-1.831427414696200344e+02
-1.828715650097071261e+02
-1.825419679699556923e+02
-1.821846997902141823e+02
-1.817899699970598419e+02
-1.812805152073372028e+02
-1.808294964167471619e+02
-1.803246070017291061e+02
-1.798353807802983795e+02
-1.794055852255572461e+02
-1.789130886063739752e+02
-1.786606704669481189e+02
-1.785475631037946584e+02
-1.783763108290999639e+02
-1.782802192816776881e+02
-1.781944786973299699e+02
-1.781353042759402001e+02
-1.780562976972565536e+02
-1.779892774113292830e+02
-1.779196052294037997e+02
-1.778598114218728767e+02
-1.777715612957082385e+02
-1.776690690839228353e+02
-1.777139382907768663e+02
-1.779596370636889731e+02
-1.781598948733148973e+02
-1.784593507907231640e+02
-1.788635138792789689e+02
-1.792104086618312806e+02
-1.796421229834209328e+02
-1.803068835083958845e+02
-1.809273604334833578e+02
-1.814021350162311421e+02
-1.818914730419866999e+02
-1.825172098036101147e+02
-1.830289585651750315e+02
-1.833045052464666753e+02
-1.836363173218671534e+02
-1.839342045131795373e+02
-1.840828992689346819e+02
-1.843056344507490394e+02
-1.845725373455832994e+02
-1.849016558302064368e+02
-1.852612605498146934e+02
-1.855005025392793527e+02
-1.854827469966053854e+02
-1.856014801440925908e+02
-1.856361621750503161e+02
-1.853276804288551034e+02
-1.851714500789074123e+02
-1.848985198764256381e+02
-1.844987054669568067e+02
-1.841563684704811976e+02
-1.838116102092887161e+02
-1.830959753496705389e+02
-1.822666175804576767e+02
-1.814946484733513330e+02
-1.810934212744620595e+02
-1.805997785744113457e+02
-1.801285398522067283e+02
-1.799828096534035353e+02
-1.797786510003816716e+02
-1.795870176176468362e+02
-1.795209319687397738e+02
-1.793805077050035379e+02
-1.792363488066413595e+02
-1.794440732991424738e+02
-1.794801042764709393e+02
-1.795244377166728498e+02
-1.800083035060872874e+02
-1.804066243271296344e+02
-1.808094008430803115e+02
-1.812754234278240517e+02
-1.817449807633624062e+02
-1.822614931731100683e+02
-1.830385817893045726e+02
-1.837925205674351048e+02
-1.845308518902347146e+02
-1.851742218428115052e+02
-1.859216099786154359e+02
-1.866081891727494337e+02
-1.871670079064231800e+02
-1.877924899564175405e+02
-1.883570276885749593e+02
-1.887299628080133687e+02
-1.892669713980710640e+02
-1.897802260728632007e+02
-1.902849434958818904e+02
-1.910020173810467838e+02
-1.916884029435761363e+02
-1.923576717761289956e+02
-1.931702293845972633e+02
-1.940221611755670779e+02
-1.948804520169410353e+02
-1.958376004533402579e+02
-1.967090114818303732e+02
-1.976622284833792662e+02
-1.987645070784522829e+02
-1.998471236677746958e+02
-2.009795590457886192e+02
-2.021210825764214292e+02
-2.032672440477188047e+02
-2.044288073861430632e+02
-2.055028761790663339e+02
-2.066479351900088943e+02
-2.078179903069484453e+02
-2.087492110717481637e+02
-2.097494343411022726e+02
-2.104504758684870183e+02
-2.109213667566722847e+02
-2.114484558319954317e+02
-2.118056506182843179e+02
-2.118849741703603229e+02
-2.119997357891528225e+02
-2.119467709906930963e+02
-2.118652373646045532e+02
-2.118461544896207727e+02
-2.117614840253507680e+02
-2.116717770090585589e+02
-2.116017880452496058e+02
-2.114481537191563518e+02
-2.110676511201267544e+02
-2.107323397321318339e+02
-2.103774058178070163e+02
-2.099563586467524487e+02
-2.094451039303207551e+02
-2.090779833977999829e+02
-2.089780530683796940e+02
-2.086665159942328103e+02
-2.084817062082233292e+02
-2.084289460625510344e+02
-2.082583250476558305e+02
-2.081239507571937395e+02
-2.082567332517231193e+02
-2.084317198278891681e+02
-2.086209398400974351e+02
-2.087320760106430271e+02
-2.086384693090847122e+02
-2.086937671297679628e+02
-2.086103498526449016e+02
-2.085775674408581040e+02
-2.086433334464792040e+02
-2.088532359332469355e+02
-2.090442534383973054e+02
-2.092553039040545571e+02
-2.095648592046678402e+02
-2.098598373553942906e+02
-2.099577175834770344e+02
-2.099110813000251596e+02
-2.100349567029198852e+02
-2.101829534936078971e+02
-2.101455838671110712e+02
-2.102093677326923284e+02
-2.102884962595337299e+02
-2.102782731995104655e+02
-2.101018408183926738e+02
-2.099726664506877967e+02
-2.097746094257685741e+02
-2.098137929716029930e+02
-2.097475489250995793e+02
-2.097100826382939545e+02
-2.095139124142047251e+02
-2.093213154303244607e+02
-2.090633059795918882e+02
-2.087870041543283435e+02
-2.083704867458985177e+02
-2.079737547338225170e+02
-2.076807740569786631e+02
-2.076092358738201540e+02
-2.075066277625383009e+02
-2.074279937489583858e+02
-2.073404709224966496e+02
-2.075580819245643625e+02
-2.077863480197409558e+02
-2.079951743792088621e+02
-2.080900690895444995e+02
-2.083166812497179592e+02
-2.084733053067589879e+02
-2.086971672167124154e+02
-2.087895402105446010e+02
-2.088833650131709021e+02
-2.090885860093799522e+02
-2.093556163523227838e+02
-2.096777295084201000e+02
-2.101020558993784846e+02
-2.105300665186137508e+02
-2.111042662974671202e+02
-2.116252042250523857e+02
-2.120987592226867378e+02
-2.124612015184664244e+02
-2.128660875133540742e+02
-2.132620383878188761e+02
-2.136188766013719658e+02
-2.137625764319755888e+02
-2.139098120553944113e+02
-2.140620918659624294e+02
-2.141891339023443379e+02
-2.141844129936560250e+02
-2.143388420046792078e+02
-2.144844354649201534e+02
-2.146608554184973343e+02
-2.147844024084043895e+02
-2.148190077209024196e+02
-2.149898304353654908e+02
-2.150595280527485613e+02
-2.151307487461337189e+02
-2.153361968286914134e+02
-2.155021957683357812e+02
-2.156480746284906616e+02
-2.157559883138451369e+02
-2.158291991947768338e+02
-2.158519132295854774e+02
-2.158143945325366246e+02
-2.157486402143689759e+02
-2.156646184900062053e+02
-2.155120099208897670e+02
-2.152869971733520345e+02
-2.151674801884196597e+02
-2.151307882404319400e+02
-2.150688556410319165e+02
